0	
1	16	15	
1	30	30	
0	
1	23	25	
1	52	51	
0	
0	
1	45	45	
0	
2	22	23	34	33	
0	
0	
2	11	13	18	17	
1	53	52	
0	
1	43	45	
2	39	39	6	7	
0	
0	
0	
2	30	32	79	79	
2	13	13	40	39	
1	25	28	
2	56	54	58	54	
2	76	75	35	34	
3	10	11	48	51	60	59	
3	61	60	75	74	61	64	
2	13	13	75	74	
0	
0	
0	
0	
0	
0	
0	
0	
0	
0	
0	
2	42	42	49	47	
2	48	51	24	23	
2	13	15	19	18	
0	
2	36	39	78	77	
1	26	28	
2	19	18	37	34	
2	46	48	14	15	
1	64	63	
1	62	65	
0	
1	8	7	
1	75	79	
1	3	2	
1	46	45	
0	
0	
2	64	59	24	28	
0	
3	32	30	13	12	45	46	
1	39	35	
1	38	36	
3	3	2	54	54	7	7	
1	40	40	
1	3	2	
0	
1	69	71	
2	62	62	52	54	
0	
0	
0	
1	50	46	
1	0	-2	
2	38	38	79	76	
1	18	19	
2	66	63	34	32	
2	24	21	53	51	
2	2	3	58	55	
0	
1	67	68	
0	
0	
1	76	76	
0	
1	34	34	
0	
0	
1	54	50	
0	
1	48	48	
1	77	80	
0	
1	41	37	
1	74	77	
2	2	2	79	81	
1	17	17	
1	34	37	
2	1	2	76	78	
0	
2	46	44	4	5	
0	
1	7	7	
0	
0	
0	
0	
1	21	24	
0	
0	
1	61	59	
2	77	76	64	62	
1	59	62	
0	
0	
0	
0	
1	10	8	
2	10	9	33	29	
0	
1	34	33	
0	
1	62	61	
2	74	70	69	66	
0	
2	29	29	13	10	
1	38	39	
0	
0	
1	59	61	
0	
0	
0	
2	44	43	5	9	
1	10	11	
2	17	18	69	70	
0	
2	54	57	78	81	
2	37	35	54	55	
2	79	76	65	69	
2	19	23	3	4	
1	46	44	
2	43	43	79	77	
2	14	14	40	38	
0	
0	
0	
2	61	56	33	34	
0	
3	23	23	13	13	23	25	
0	
0	
0	
1	73	72	
4	19	16	59	55	59	55	44	47	
0	
0	
2	37	37	74	74	
1	15	16	
1	9	10	
3	22	22	8	9	34	32	
1	57	58	
1	2	6	
0	
1	53	56	
1	3	4	
0	
1	55	54	
0	
0	
1	15	18	
1	37	38	
0	
0	
1	12	15	
0	
1	39	39	
1	36	32	
0	
0	
1	48	47	
0	
1	71	71	
0	
0	
3	77	82	21	18	10	14	
2	0	-1	35	36	
1	44	44	
1	24	25	
1	43	42	
0	
0	
1	11	11	
0	
1	6	6	
2	78	77	17	15	
1	21	20	
1	31	30	
2	21	25	60	59	
1	57	55	
1	49	49	
2	30	29	61	61	
1	7	8	
3	77	78	1	-1	18	19	
0	
0	
1	22	23	
2	53	54	77	79	
1	64	64	
3	5	10	63	62	9	6	
0	
0	
2	33	31	30	29	
0	
3	39	42	14	13	30	30	
0	
1	74	73	
0	
1	65	62	
2	28	24	57	55	
0	
1	5	3	
1	1	1	
2	36	37	36	36	
0	
3	22	23	13	15	56	58	
1	18	21	
0	
2	20	20	45	44	
1	1	-1	
0	
2	23	24	50	50	
1	64	64	
0	
1	40	41	
0	
1	70	70	
0	
1	4	7	
1	71	71	
0	
5	34	30	50	52	3	2	12	17	2	3	
0	
0	
0	
1	46	47	
0	
2	7	3	79	81	
1	5	4	
1	24	23	
1	69	70	
1	65	63	
4	26	22	41	40	65	68	36	36	
0	
1	28	29	
0	
3	48	50	32	31	51	51	
2	76	77	2	3	
1	61	61	
1	59	60	
2	22	21	21	26	
2	10	14	46	41	
1	57	58	
1	48	47	
4	46	48	34	36	44	42	59	63	
1	15	17	
0	
0	
0	
1	61	65	
0	
0	
2	58	57	55	55	
2	62	62	30	27	
1	16	15	
1	72	71	
1	38	35	
4	40	40	31	32	23	27	0	1	
1	69	67	
1	79	79	
1	47	44	
0	
0	
1	3	4	
2	49	46	26	24	
0	
0	
1	63	63	
0	
2	60	58	1	-1	
1	8	7	
0	
3	64	63	13	15	62	61	
0	
1	75	78	
0	
1	50	52	
3	59	62	1	1	32	33	
1	70	74	
3	42	40	72	67	40	39	
1	42	45	
1	32	31	
2	64	62	78	76	
0	
0	
1	35	33	
0	
0	
1	10	13	
0	
2	77	78	74	75	
1	22	22	
1	71	75	
0	
1	44	46	
1	48	51	
1	4	5	
0	
1	17	13	
2	72	72	17	18	
3	28	28	17	16	79	79	
2	21	19	57	54	
0	
0	
1	23	22	
1	6	5	
0	
4	70	69	77	77	36	39	20	21	
2	55	60	6	3	
1	1	3	
1	9	10	
1	52	52	
0	
1	50	53	
2	63	65	74	76	
1	32	33	
1	75	79	
1	27	27	
1	15	18	
0	
0	
2	4	0	31	32	
1	13	14	
1	34	32	
0	
2	64	63	45	44	
1	60	60	
0	
2	42	41	71	75	
2	64	63	19	18	
0	
1	13	16	
0	
0	
2	49	49	18	17	
1	67	71	
1	49	48	
0	
0	
1	46	45	
0	
0	
0	
1	60	59	
2	31	34	43	44	
1	55	57	
2	41	41	18	16	
0	
0	
0	
1	19	18	
0	
1	17	17	
1	1	0	
1	50	50	
1	0	0	
1	72	74	
2	18	20	62	65	
1	79	76	
1	39	43	
1	4	1	
0	
0	
0	
0	
0	
3	54	53	59	56	33	31	
1	20	20	
1	36	35	
0	
3	58	57	73	78	41	41	
0	
0	
0	
1	41	41	
0	
1	34	31	
1	52	51	
0	
1	66	66	
0	
0	
1	29	28	
2	42	40	47	48	
1	51	50	
0	
1	30	30	
0	
1	38	35	
1	67	67	
1	15	14	
3	18	22	61	61	21	19	
1	49	47	
2	11	13	29	31	
0	
2	69	68	25	25	
0	
1	61	64	
0	
1	43	46	
0	
0	
0	
1	41	41	
1	22	23	
1	45	43	
1	53	54	
2	29	30	4	3	
2	27	29	46	43	
1	66	70	
0	
1	9	6	
1	73	72	
0	
1	49	48	
1	21	17	
2	12	13	56	59	
0	
0	
0	
2	39	37	35	35	
3	30	34	36	34	52	56	
0	
0	
0	
3	39	41	59	63	70	65	
1	64	64	
0	
1	46	45	
0	
1	13	13	
0	
0	
1	56	57	
0	
0	
0	
0	
1	43	42	
2	73	76	25	26	
2	76	77	38	36	
1	12	11	
1	79	81	
0	
2	30	28	23	26	
0	
3	53	49	77	79	41	42	
0	
2	50	49	15	16	
1	45	45	
1	50	54	
1	28	23	
3	29	27	61	57	66	62	
1	56	55	
0	
1	46	44	
0	
1	34	36	
0	
0	
2	24	20	49	49	
1	11	9	
3	59	62	28	26	60	62	
1	69	69	
2	22	23	68	66	
2	16	17	19	19	
3	78	78	1	0	63	64	
0	
0	
1	78	79	
2	31	30	18	18	
2	50	49	34	34	
1	19	16	
1	70	69	
2	62	61	7	8	
0	
0	
1	3	6	
0	
1	8	8	
1	7	7	
2	76	80	7	6	
0	
1	75	75	
1	7	8	
1	7	7	
3	44	44	27	23	6	6	
1	54	58	
2	3	1	75	79	
3	15	19	13	11	38	38	
1	29	33	
1	17	17	
2	20	19	53	53	
0	
2	44	44	46	48	
1	74	72	
1	73	71	
0	
1	67	63	
3	34	34	25	29	17	18	
2	16	16	39	42	
0	
3	58	56	44	43	67	66	
1	18	20	
0	
0	
1	7	6	
1	36	35	
1	54	51	
1	74	71	
2	39	39	66	66	
2	13	12	76	77	
2	8	7	33	34	
0	
0	
1	1	1	
1	34	36	
2	70	73	4	2	
2	67	66	47	42	
0	
2	1	0	50	49	
1	31	31	
0	
1	32	31	
0	
1	73	77	
2	33	31	9	7	
2	70	73	3	6	
1	55	54	
1	4	3	
0	
0	
1	40	42	
4	0	0	37	38	34	33	74	77	
3	78	80	17	16	75	74	
0	
1	58	57	
2	67	68	9	11	
0	
2	70	71	45	47	
2	42	45	0	4	
0	
0	
1	51	53	
0	
0	
1	3	4	
1	3	1	
1	15	17	
1	71	69	
1	77	77	
2	31	31	24	23	
0	
0	
1	75	71	
1	63	63	
0	
2	32	32	11	9	
2	76	76	45	43	
0	
0	
0	
4	21	21	1	4	25	29	66	66	
2	12	12	51	49	
2	67	66	45	48	
1	62	61	
0	
1	40	40	
2	1	1	47	48	
1	48	50	
1	40	44	
1	76	75	
0	
0	
1	36	37	
2	26	30	60	61	
0	
0	
0	
1	7	10	
1	72	73	
0	
2	39	41	51	52	
1	16	17	
0	
2	64	64	75	76	
0	
1	0	0	
0	
0	
1	59	58	
1	37	38	
2	71	69	45	44	
2	33	37	37	35	
2	33	35	2	6	
1	55	53	
0	
0	
2	26	29	29	32	
0	
0	
0	
0	
1	55	55	
0	
0	
1	32	30	
2	30	32	66	69	
0	
1	7	6	
0	
0	
4	14	12	70	66	17	16	48	48	
1	17	15	
2	34	32	43	46	
0	
0	
1	68	69	
2	70	73	55	51	
3	23	20	57	57	63	63	
1	56	57	
2	59	58	19	17	
0	
1	41	40	
1	18	18	
0	
0	
1	7	7	
1	7	10	
1	24	27	
1	30	33	
1	63	61	
2	66	61	54	54	
1	38	40	
1	22	26	
2	36	38	63	64	
0	
0	
0	
1	11	15	
0	
0	
1	18	13	
2	65	61	51	52	
2	54	57	32	28	
1	21	22	
2	54	54	75	77	
1	67	70	
0	
0	
0	
0	
1	39	39	
0	
2	77	76	2	3	
0	
2	43	43	53	51	
2	24	24	75	74	
0	
0	
1	10	10	
1	22	23	
1	61	64	
2	56	53	49	53	
1	45	45	
0	
1	74	76	
1	70	66	
0	
0	
1	6	6	
1	15	18	
0	
1	72	74	
1	41	41	
0	
0	
3	0	2	28	27	8	10	
3	78	79	69	70	25	23	
1	50	50	
3	59	60	56	55	63	63	
1	53	53	
1	56	55	
1	56	58	
1	26	24	
0	
1	38	34	
1	71	72	
1	41	40	
1	55	59	
0	
1	2	1	
1	30	28	
0	
1	4	0	
1	32	28	
1	35	37	
1	73	71	
1	67	70	
2	73	77	54	58	
0	
1	56	57	
0	
1	34	32	
0	
2	30	32	54	56	
1	66	66	
1	48	49	
4	0	0	34	34	67	67	56	56	
0	
1	16	14	
3	69	73	47	49	44	47	
0	
0	
1	9	9	
1	70	68	
1	59	59	
2	15	15	4	6	
2	33	36	35	37	
1	40	40	
0	
2	11	7	65	66	
2	21	20	51	50	
0	
0	
0	
1	43	44	
1	50	50	
2	50	50	60	61	
0	
2	64	67	74	73	
2	57	59	56	54	
0	
2	44	43	44	40	
2	46	46	33	34	
1	75	78	
0	
1	53	56	
2	58	62	24	24	
1	36	34	
0	
1	25	25	
0	
1	29	27	
1	4	3	
1	58	58	
1	15	16	
2	67	69	27	28	
1	60	57	
3	52	54	24	24	62	64	
0	
1	72	72	
0	
0	
0	
0	
0	
1	2	2	
0	
0	
0	
1	79	79	
1	0	-1	
0	
2	26	27	36	33	
0	
0	
2	66	65	77	78	
0	
1	28	26	
2	45	41	59	57	
0	
0	
0	
2	75	75	59	57	
0	
4	62	61	67	64	7	10	53	50	
3	3	6	31	29	32	34	
2	0	0	36	37	
1	62	58	
2	38	42	8	11	
1	76	75	
0	
0	
0	
1	20	21	
1	77	81	
1	68	70	
1	9	11	
1	77	77	
3	13	11	9	6	23	22	
0	
0	
0	
3	22	26	22	25	1	0	
4	42	38	41	45	74	70	22	22	
1	39	38	
1	44	44	
1	6	7	
2	56	59	77	78	
1	64	61	
1	78	78	
1	10	9	
2	46	48	48	53	
1	1	1	
3	79	80	36	34	3	1	
1	27	25	
2	10	11	19	17	
0	
2	20	18	67	67	
2	6	9	0	1	
0	
1	43	38	
0	
1	31	34	
1	23	22	
0	
0	
1	18	18	
0	
0	
1	1	0	
2	39	41	56	58	
0	
2	62	64	68	67	
2	13	12	31	33	
1	6	7	
0	
1	0	1	
0	
1	49	47	
0	
1	67	66	
0	
1	38	35	
1	25	24	
0	
2	3	5	41	40	
0	
1	44	47	
1	75	77	
1	53	53	
0	
2	77	81	74	78	
0	
2	63	64	14	10	
1	46	50	
4	33	30	10	11	78	82	11	15	
1	62	64	
0	
2	13	14	60	59	
1	47	49	
0	
1	3	8	
3	60	60	44	43	73	70	
1	20	21	
2	27	30	62	64	
3	27	24	44	42	17	13	
1	58	56	
0	
0	
1	39	39	
1	35	32	
2	54	51	25	25	
1	77	78	
0	
1	47	48	
1	4	2	
0	
1	30	30	
2	29	28	72	74	
2	40	42	35	37	
1	30	28	
1	8	11	
2	27	26	13	11	
1	71	67	
2	0	1	78	73	
0	
2	53	52	79	77	
1	33	30	
1	68	68	
1	43	39	
0	
0	
0	
0	
0	
1	78	77	
2	14	17	55	58	
1	75	77	
1	28	24	
2	72	67	36	39	
1	53	54	
0	
0	
1	60	59	
0	
2	68	71	27	26	
0	
3	79	78	31	29	68	66	
1	52	53	
0	
0	
0	
1	0	1	
0	
0	
1	65	62	
1	12	8	
1	78	78	
1	31	31	
0	
0	
0	
0	
0	
1	17	20	
2	62	61	51	49	
0	
2	16	15	30	27	
1	48	48	
2	36	35	35	35	
2	68	66	50	50	
1	27	28	
0	
0	
1	41	40	
0	
2	20	18	72	71	
1	6	6	
0	
2	38	36	59	60	
0	
1	70	69	
0	
0	
2	6	10	64	63	
1	72	72	
4	45	46	58	58	46	48	63	65	
2	14	14	6	8	
2	19	17	48	49	
2	50	51	6	2	
1	51	50	
1	12	12	
0	
2	74	75	24	19	
2	66	66	20	20	
3	66	63	64	61	38	38	
0	
1	67	64	
0	
4	10	10	3	7	55	55	63	63	
2	26	30	9	6	
0	
1	3	0	
2	75	77	62	61	
0	
1	12	9	
0	
0	
2	58	58	11	10	
0	
1	61	65	
1	16	18	
0	
0	
1	29	28	
0	
2	50	53	73	76	
0	
1	38	38	
0	
0	
1	11	10	
4	18	20	68	68	66	63	56	56	
1	31	28	
1	28	28	
2	73	72	55	53	
0	
1	73	69	
0	
